# various metallicity calibrations employing different emission-line ratios
# calibrations and corresponding uncertainties are taken from Maiolino et al. 2008 [e.g. Fig. 5]
# below, OII is a sum of both components, OIIIb = OIII_5007 
#
#[0] Z [1] log OII/HB [2] err [3] log OIIIb/Hb [4] err [5] log OIIIb/OII [6] err [7] log R23 [8] err [9] log NeIII/OII [10] err [11] log NII/Ha [12] err [13] log OIII/NII [14] err
7.00000e+00 -1.10607e+00 1.17995e-01 4.23733e-02 1.84092e-01 1.15603e+00 3.17664e-01 1.80875e-01 2.12359e-01 1.54862e-01 2.82103e-01 -2.90498e+00 1.41200e-01 2.16423e+00 9.80000e-02
7.02000e+00 -1.04783e+00 1.24782e-01 7.30706e-02 1.79200e-01 1.14959e+00 3.15994e-01 2.21283e-01 2.07381e-01 1.43019e-01 2.80234e-01 -2.85700e+00 1.41200e-01 2.18303e+00 9.80000e-02
7.04000e+00 -9.92418e-01 1.31230e-01 1.03104e-01 1.74455e-01 1.14289e+00 3.14317e-01 2.60026e-01 2.02531e-01 1.31058e-01 2.78374e-01 -2.81082e+00 1.41200e-01 2.20072e+00 9.80000e-02
7.06000e+00 -9.39704e-01 1.37343e-01 1.32471e-01 1.69855e-01 1.13593e+00 3.12632e-01 2.97156e-01 1.97808e-01 1.18979e-01 2.76521e-01 -2.76636e+00 1.41200e-01 2.21730e+00 9.80000e-02
7.08000e+00 -8.89572e-01 1.43128e-01 1.61172e-01 1.65399e-01 1.12873e+00 3.10940e-01 3.32722e-01 1.93212e-01 1.06782e-01 2.74677e-01 -2.72356e+00 1.41200e-01 2.23278e+00 9.80000e-02
7.10000e+00 -8.41907e-01 1.48591e-01 1.89204e-01 1.61084e-01 1.12127e+00 3.09240e-01 3.66773e-01 1.88740e-01 9.44683e-02 2.72840e-01 -2.68234e+00 1.41200e-01 2.24717e+00 9.80000e-02
7.12000e+00 -7.96596e-01 1.53738e-01 2.16566e-01 1.56909e-01 1.11355e+00 3.07533e-01 3.99358e-01 1.84391e-01 8.20367e-02 2.71012e-01 -2.64264e+00 1.41200e-01 2.26046e+00 9.80000e-02
7.14000e+00 -7.53530e-01 1.58573e-01 2.43257e-01 1.52873e-01 1.10558e+00 3.05818e-01 4.30523e-01 1.80163e-01 6.94875e-02 2.69192e-01 -2.60439e+00 1.41200e-01 2.27268e+00 9.80000e-02
7.16000e+00 -7.12600e-01 1.63104e-01 2.69275e-01 1.48973e-01 1.09736e+00 3.04096e-01 4.60315e-01 1.76056e-01 5.68207e-02 2.67380e-01 -2.56753e+00 1.41200e-01 2.28382e+00 9.80000e-02
7.18000e+00 -6.73701e-01 1.67337e-01 2.94619e-01 1.45207e-01 1.08888e+00 3.02366e-01 4.88778e-01 1.72067e-01 4.40363e-02 2.65576e-01 -2.53199e+00 1.41200e-01 2.29390e+00 9.80000e-02
7.20000e+00 -6.36731e-01 1.71276e-01 3.19287e-01 1.41574e-01 1.08015e+00 3.00629e-01 5.15957e-01 1.68196e-01 3.11343e-02 2.63780e-01 -2.49771e+00 1.41200e-01 2.30291e+00 9.80000e-02
7.22000e+00 -6.01589e-01 1.74929e-01 3.43279e-01 1.38072e-01 1.07117e+00 2.98884e-01 5.41894e-01 1.64441e-01 1.81147e-02 2.61992e-01 -2.46463e+00 1.41200e-01 2.31087e+00 9.80000e-02
7.24000e+00 -5.68178e-01 1.78300e-01 3.66592e-01 1.34700e-01 1.06193e+00 2.97132e-01 5.66633e-01 1.60800e-01 4.97750e-03 2.60213e-01 -2.43269e+00 1.41200e-01 2.31778e+00 9.80000e-02
7.26000e+00 -5.36403e-01 1.81396e-01 3.89225e-01 1.31455e-01 1.05244e+00 2.95372e-01 5.90214e-01 1.57272e-01 -8.27730e-03 2.58441e-01 -2.40183e+00 1.41200e-01 2.32364e+00 9.80000e-02
7.28000e+00 -5.06172e-01 1.84223e-01 4.11177e-01 1.28335e-01 1.04270e+00 2.93605e-01 6.12677e-01 1.53855e-01 -2.16497e-02 2.56678e-01 -2.37199e+00 1.41200e-01 2.32847e+00 9.80000e-02
7.30000e+00 -4.77393e-01 1.86786e-01 4.32446e-01 1.25340e-01 1.03270e+00 2.91831e-01 6.34062e-01 1.50549e-01 -3.51397e-02 2.54922e-01 -2.34311e+00 1.41200e-01 2.33228e+00 9.80000e-02
7.32000e+00 -4.49980e-01 1.89092e-01 4.53031e-01 1.22467e-01 1.02244e+00 2.90049e-01 6.54407e-01 1.47351e-01 -4.87473e-02 2.53175e-01 -2.31515e+00 1.41200e-01 2.33505e+00 9.80000e-02
7.34000e+00 -4.23847e-01 1.91146e-01 4.72931e-01 1.19714e-01 1.01194e+00 2.88259e-01 6.73749e-01 1.44261e-01 -6.24725e-02 2.51436e-01 -2.28805e+00 1.41200e-01 2.33682e+00 9.80000e-02
7.36000e+00 -3.98913e-01 1.92954e-01 4.92143e-01 1.17080e-01 1.00118e+00 2.86462e-01 6.92125e-01 1.41276e-01 -7.63153e-02 2.49705e-01 -2.26174e+00 1.41200e-01 2.33757e+00 9.80000e-02
7.38000e+00 -3.75096e-01 1.94522e-01 5.10667e-01 1.14563e-01 9.90164e-01 2.84658e-01 7.09571e-01 1.38396e-01 -9.02757e-02 2.47982e-01 -2.23620e+00 1.41200e-01 2.33731e+00 9.80000e-02
7.40000e+00 -3.52320e-01 1.95857e-01 5.28502e-01 1.12160e-01 9.78896e-01 2.82846e-01 7.26120e-01 1.35619e-01 -1.04354e-01 2.46267e-01 -2.21135e+00 1.41200e-01 2.33607e+00 9.80000e-02
7.42000e+00 -3.30510e-01 1.96963e-01 5.45645e-01 1.09872e-01 9.67375e-01 2.81026e-01 7.41806e-01 1.32943e-01 -1.18549e-01 2.44560e-01 -2.18717e+00 1.41200e-01 2.33383e+00 9.80000e-02
7.44000e+00 -3.09593e-01 1.97847e-01 5.62095e-01 1.07694e-01 9.55600e-01 2.79199e-01 7.56661e-01 1.30367e-01 -1.32862e-01 2.42862e-01 -2.16359e+00 1.41200e-01 2.33060e+00 9.80000e-02
7.46000e+00 -2.89498e-01 1.98515e-01 5.77852e-01 1.05627e-01 9.43571e-01 2.77365e-01 7.70717e-01 1.27890e-01 -1.47293e-01 2.41171e-01 -2.14057e+00 1.41200e-01 2.32640e+00 9.80000e-02
7.48000e+00 -2.70160e-01 1.98972e-01 5.92912e-01 1.03667e-01 9.31288e-01 2.75523e-01 7.84005e-01 1.25510e-01 -1.61842e-01 2.39488e-01 -2.11807e+00 1.41200e-01 2.32123e+00 9.80000e-02
7.50000e+00 -2.51512e-01 1.99225e-01 6.07276e-01 1.01814e-01 9.18752e-01 2.73674e-01 7.96555e-01 1.23225e-01 -1.76508e-01 2.37814e-01 -2.09604e+00 1.41200e-01 2.31509e+00 9.80000e-02
7.52000e+00 -2.33492e-01 1.99279e-01 6.20942e-01 1.00066e-01 9.05962e-01 2.71817e-01 8.08394e-01 1.21035e-01 -1.91291e-01 2.36148e-01 -2.07445e+00 1.41200e-01 2.30799e+00 9.80000e-02
7.54000e+00 -2.16041e-01 1.99140e-01 6.33907e-01 9.84195e-02 8.92918e-01 2.69953e-01 8.19550e-01 1.18938e-01 -2.06192e-01 2.34489e-01 -2.05325e+00 1.41200e-01 2.29995e+00 9.80000e-02
7.56000e+00 -1.99102e-01 1.98815e-01 6.46172e-01 9.68743e-02 8.79620e-01 2.68081e-01 8.30051e-01 1.16932e-01 -2.21211e-01 2.32839e-01 -2.03240e+00 1.41200e-01 2.29095e+00 9.80000e-02
7.58000e+00 -1.82618e-01 1.98308e-01 6.57734e-01 9.54284e-02 8.66069e-01 2.66202e-01 8.39921e-01 1.15016e-01 -2.36348e-01 2.31197e-01 -2.01186e+00 1.41200e-01 2.28102e+00 9.80000e-02
7.60000e+00 -1.66538e-01 1.97627e-01 6.68591e-01 9.40798e-02 8.52264e-01 2.64315e-01 8.49186e-01 1.13189e-01 -2.51602e-01 2.29563e-01 -1.99159e+00 1.41200e-01 2.27016e+00 9.80000e-02
7.62000e+00 -1.50812e-01 1.96776e-01 6.78744e-01 9.28268e-02 8.38205e-01 2.62421e-01 8.57869e-01 1.11449e-01 -2.66973e-01 2.27938e-01 -1.97157e+00 1.41200e-01 2.25837e+00 9.80000e-02
7.64000e+00 -1.35393e-01 1.95762e-01 6.88189e-01 9.16676e-02 8.23892e-01 2.60519e-01 8.65993e-01 1.09794e-01 -2.82462e-01 2.26320e-01 -1.95176e+00 1.41200e-01 2.24566e+00 9.80000e-02
7.66000e+00 -1.20236e-01 1.94590e-01 6.96926e-01 9.06005e-02 8.09326e-01 2.58610e-01 8.73581e-01 1.08224e-01 -2.98069e-01 2.24710e-01 -1.93211e+00 1.41200e-01 2.23203e+00 9.80000e-02
7.68000e+00 -1.05299e-01 1.93267e-01 7.04953e-01 8.96237e-02 7.94505e-01 2.56694e-01 8.80652e-01 1.06736e-01 -3.13794e-01 2.23109e-01 -1.91261e+00 1.41200e-01 2.21750e+00 9.80000e-02
7.70000e+00 -9.05413e-02 1.91799e-01 7.12269e-01 8.87355e-02 7.79431e-01 2.54770e-01 8.87227e-01 1.05330e-01 -3.29636e-01 2.21515e-01 -1.89322e+00 1.41200e-01 2.20207e+00 9.80000e-02
7.72000e+00 -7.59264e-02 1.90190e-01 7.18872e-01 8.79339e-02 7.64104e-01 2.52838e-01 8.93324e-01 1.04004e-01 -3.45595e-01 2.19930e-01 -1.87390e+00 1.41200e-01 2.18575e+00 9.80000e-02
7.74000e+00 -6.14193e-02 1.88448e-01 7.24762e-01 8.72174e-02 7.48522e-01 2.50899e-01 8.98962e-01 1.02756e-01 -3.61672e-01 2.18353e-01 -1.85464e+00 1.41200e-01 2.16854e+00 9.80000e-02
7.76000e+00 -4.69879e-02 1.86578e-01 7.29935e-01 8.65840e-02 7.32687e-01 2.48952e-01 9.04157e-01 1.01585e-01 -3.77867e-01 2.16783e-01 -1.83541e+00 1.41200e-01 2.15045e+00 9.80000e-02
7.78000e+00 -3.26024e-02 1.84586e-01 7.34392e-01 8.60321e-02 7.16598e-01 2.46998e-01 9.08927e-01 1.00490e-01 -3.94180e-01 2.15222e-01 -1.81617e+00 1.41200e-01 2.13148e+00 9.80000e-02
7.80000e+00 -1.82357e-02 1.82478e-01 7.38131e-01 8.55599e-02 7.00255e-01 2.45037e-01 9.13284e-01 9.94687e-02 -4.10610e-01 2.13669e-01 -1.79692e+00 1.41200e-01 2.11165e+00 9.80000e-02
7.82000e+00 -3.86294e-03 1.80259e-01 7.41149e-01 8.51655e-02 6.83658e-01 2.43068e-01 9.17245e-01 9.85203e-02 -4.27157e-01 2.12124e-01 -1.77761e+00 1.41200e-01 2.09095e+00 9.80000e-02
7.84000e+00 1.05379e-02 1.77936e-01 7.43447e-01 8.48472e-02 6.66808e-01 2.41092e-01 9.20821e-01 9.76432e-02 -4.43822e-01 2.10588e-01 -1.75824e+00 1.41200e-01 2.06940e+00 9.80000e-02
7.86000e+00 2.49865e-02 1.75514e-01 7.45022e-01 8.46033e-02 6.49704e-01 2.39108e-01 9.24025e-01 9.68359e-02 -4.60605e-01 2.09059e-01 -1.73877e+00 1.41200e-01 2.04701e+00 9.80000e-02
7.88000e+00 3.95000e-02 1.73000e-01 7.45873e-01 8.44320e-02 6.32346e-01 2.37116e-01 9.26868e-01 9.60970e-02 -4.77506e-01 2.07538e-01 -1.71920e+00 1.41200e-01 2.02377e+00 9.80000e-02
7.90000e+00 5.40930e-02 1.70399e-01 7.45998e-01 8.43315e-02 6.14734e-01 2.35117e-01 9.29361e-01 9.54251e-02 -4.94524e-01 2.06026e-01 -1.69950e+00 1.41200e-01 1.99969e+00 9.80000e-02
7.92000e+00 6.87777e-02 1.67717e-01 7.45397e-01 8.42999e-02 5.96869e-01 2.33111e-01 9.31512e-01 9.48187e-02 -5.11659e-01 2.04521e-01 -1.67966e+00 1.41200e-01 1.97479e+00 9.80000e-02
7.94000e+00 8.35637e-02 1.64961e-01 7.44067e-01 8.43357e-02 5.78750e-01 2.31097e-01 9.33330e-01 9.42764e-02 -5.28912e-01 2.03025e-01 -1.65966e+00 1.41200e-01 1.94906e+00 9.80000e-02
7.96000e+00 9.84579e-02 1.62135e-01 7.42008e-01 8.44369e-02 5.60377e-01 2.29076e-01 9.34822e-01 9.37967e-02 -5.46283e-01 2.01537e-01 -1.63949e+00 1.41200e-01 1.92252e+00 9.80000e-02
7.98000e+00 1.13465e-01 1.59246e-01 7.39217e-01 8.46019e-02 5.41750e-01 2.27047e-01 9.35994e-01 9.33782e-02 -5.63772e-01 2.00057e-01 -1.61914e+00 1.41200e-01 1.89517e+00 9.80000e-02
8.00000e+00 1.28587e-01 1.56300e-01 7.35694e-01 8.48287e-02 5.22870e-01 2.25011e-01 9.36852e-01 9.30195e-02 -5.81378e-01 1.98585e-01 -1.59859e+00 1.41200e-01 1.86701e+00 9.80000e-02
8.02000e+00 1.43824e-01 1.53303e-01 7.31437e-01 8.51158e-02 5.03736e-01 2.22967e-01 9.37400e-01 9.27191e-02 -5.99101e-01 1.97121e-01 -1.57783e+00 1.41200e-01 1.83806e+00 9.80000e-02
8.04000e+00 1.59172e-01 1.50260e-01 7.26444e-01 8.54612e-02 4.84348e-01 2.20916e-01 9.37642e-01 9.24757e-02 -6.16942e-01 1.95665e-01 -1.55685e+00 1.41200e-01 1.80832e+00 9.80000e-02
8.06000e+00 1.74626e-01 1.47177e-01 7.20714e-01 8.58633e-02 4.64706e-01 2.18858e-01 9.37580e-01 9.22876e-02 -6.34901e-01 1.94217e-01 -1.53566e+00 1.41200e-01 1.77779e+00 9.80000e-02
8.08000e+00 1.90178e-01 1.44061e-01 7.14246e-01 8.63202e-02 4.44811e-01 2.16791e-01 9.37215e-01 9.21536e-02 -6.52978e-01 1.92778e-01 -1.51423e+00 1.41200e-01 1.74649e+00 9.80000e-02
8.10000e+00 2.05817e-01 1.40917e-01 7.07039e-01 8.68302e-02 4.24662e-01 2.14718e-01 9.36548e-01 9.20722e-02 -6.71172e-01 1.91346e-01 -1.49257e+00 1.41200e-01 1.71441e+00 9.80000e-02
8.12000e+00 2.21531e-01 1.37751e-01 6.99090e-01 8.73915e-02 4.04259e-01 2.12637e-01 9.35579e-01 9.20419e-02 -6.89483e-01 1.89923e-01 -1.47067e+00 1.41200e-01 1.68157e+00 9.80000e-02
8.14000e+00 2.37304e-01 1.34569e-01 6.90399e-01 8.80023e-02 3.83602e-01 2.10548e-01 9.34306e-01 9.20613e-02 -7.07912e-01 1.88507e-01 -1.44853e+00 1.41200e-01 1.64798e+00 9.80000e-02
8.16000e+00 2.53118e-01 1.31376e-01 6.80964e-01 8.86609e-02 3.62692e-01 2.08452e-01 9.32726e-01 9.21289e-02 -7.26459e-01 1.87100e-01 -1.42615e+00 1.41200e-01 1.61363e+00 9.80000e-02
8.18000e+00 2.68951e-01 1.28180e-01 6.70783e-01 8.93655e-02 3.41527e-01 2.06349e-01 9.30837e-01 9.22434e-02 -7.45124e-01 1.85701e-01 -1.40353e+00 1.41200e-01 1.57854e+00 9.80000e-02
8.20000e+00 2.84782e-01 1.24985e-01 6.59855e-01 9.01143e-02 3.20109e-01 2.04238e-01 9.28634e-01 9.24033e-02 -7.63906e-01 1.84310e-01 -1.38066e+00 1.41200e-01 1.54271e+00 9.80000e-02
8.22000e+00 3.00585e-01 1.21798e-01 6.48179e-01 9.09056e-02 2.98438e-01 2.02119e-01 9.26111e-01 9.26071e-02 -7.82805e-01 1.82927e-01 -1.35756e+00 1.41200e-01 1.50614e+00 9.80000e-02
8.24000e+00 3.16331e-01 1.18624e-01 6.35754e-01 9.17375e-02 2.76512e-01 1.99993e-01 9.23263e-01 9.28534e-02 -8.01822e-01 1.81552e-01 -1.33422e+00 1.41200e-01 1.46885e+00 9.80000e-02
8.26000e+00 3.31989e-01 1.15470e-01 6.22577e-01 9.26084e-02 2.54333e-01 1.97860e-01 9.20082e-01 9.31408e-02 -8.20957e-01 1.80185e-01 -1.31066e+00 1.41200e-01 1.43085e+00 9.80000e-02
8.28000e+00 3.47527e-01 1.12340e-01 6.08648e-01 9.35164e-02 2.31900e-01 1.95719e-01 9.16560e-01 9.34679e-02 -8.40210e-01 1.78826e-01 -1.28687e+00 1.41200e-01 1.39212e+00 9.80000e-02
8.30000e+00 3.62909e-01 1.09242e-01 5.93965e-01 9.44597e-02 2.09213e-01 1.93570e-01 9.12688e-01 9.38331e-02 -8.59580e-01 1.77476e-01 -1.26287e+00 1.41200e-01 1.35270e+00 9.80000e-02
8.32000e+00 3.78097e-01 1.06181e-01 5.78526e-01 9.54366e-02 1.86272e-01 1.91415e-01 9.08455e-01 9.42351e-02 -8.79067e-01 1.76133e-01 -1.23866e+00 1.41200e-01 1.31257e+00 9.80000e-02
8.34000e+00 3.93050e-01 1.03163e-01 5.62331e-01 9.64453e-02 1.63078e-01 1.89251e-01 9.03850e-01 9.46724e-02 -8.98672e-01 1.74799e-01 -1.21425e+00 1.41200e-01 1.27175e+00 9.80000e-02
8.36000e+00 4.07725e-01 1.00193e-01 5.45377e-01 9.74841e-02 1.39630e-01 1.87080e-01 8.98862e-01 9.51435e-02 -9.18395e-01 1.73473e-01 -1.18966e+00 1.41200e-01 1.23025e+00 9.80000e-02
8.38000e+00 4.22075e-01 9.72782e-02 5.27664e-01 9.85511e-02 1.15928e-01 1.84902e-01 8.93478e-01 9.56471e-02 -9.38236e-01 1.72154e-01 -1.16490e+00 1.41200e-01 1.18806e+00 9.80000e-02
8.40000e+00 4.36054e-01 9.44239e-02 5.09189e-01 9.96447e-02 9.19725e-02 1.82716e-01 8.87682e-01 9.61818e-02 -9.58194e-01 1.70844e-01 -1.13999e+00 1.41200e-01 1.14520e+00 9.80000e-02
8.42000e+00 4.49609e-01 9.16360e-02 4.89952e-01 1.00763e-01 6.77631e-02 1.80523e-01 8.81461e-01 9.67459e-02 -9.78269e-01 1.69542e-01 -1.11493e+00 1.41200e-01 1.10167e+00 9.80000e-02
8.44000e+00 4.62689e-01 8.89204e-02 4.69952e-01 1.01904e-01 4.33000e-02 1.78322e-01 8.74798e-01 9.73383e-02 -9.98462e-01 1.68248e-01 -1.08974e+00 1.41200e-01 1.05748e+00 9.80000e-02
8.46000e+00 4.75236e-01 8.62831e-02 4.49185e-01 1.03067e-01 1.85831e-02 1.76114e-01 8.67677e-01 9.79573e-02 -1.01877e+00 1.66963e-01 -1.06445e+00 1.41200e-01 1.01264e+00 9.80000e-02
8.48000e+00 4.87193e-01 8.37299e-02 4.27652e-01 1.04248e-01 -6.38752e-03 1.73898e-01 8.60079e-01 9.86015e-02 -1.03920e+00 1.65685e-01 -1.03907e+00 1.41200e-01 9.67149e-01 9.80000e-02
8.50000e+00 4.98499e-01 8.12667e-02 4.05351e-01 1.05448e-01 -3.16119e-02 1.71675e-01 8.51985e-01 9.92696e-02 -1.05975e+00 1.64415e-01 -1.01363e+00 1.41200e-01 9.21016e-01 9.80000e-02
8.52000e+00 5.09091e-01 7.88994e-02 3.82280e-01 1.06663e-01 -5.70901e-02 1.69445e-01 8.43377e-01 9.99600e-02 -1.08041e+00 1.63154e-01 -9.88133e-01 1.41200e-01 8.74249e-01 9.80000e-02
8.54000e+00 5.18902e-01 7.66339e-02 3.58438e-01 1.07893e-01 -8.28220e-02 1.67207e-01 8.34232e-01 1.00671e-01 -1.10119e+00 1.61900e-01 -9.62618e-01 1.41200e-01 8.26853e-01 9.80000e-02
8.56000e+00 5.27864e-01 7.44761e-02 3.33823e-01 1.09134e-01 -1.08808e-01 1.64961e-01 8.24529e-01 1.01402e-01 -1.12209e+00 1.60655e-01 -9.37105e-01 1.41200e-01 7.78835e-01 9.80000e-02
8.58000e+00 5.35907e-01 7.24318e-02 3.08435e-01 1.10387e-01 -1.35047e-01 1.62708e-01 8.14246e-01 1.02151e-01 -1.14311e+00 1.59418e-01 -9.11619e-01 1.41200e-01 7.30201e-01 9.80000e-02
8.60000e+00 5.42957e-01 7.05070e-02 2.82271e-01 1.11648e-01 -1.61540e-01 1.60447e-01 8.03358e-01 1.02917e-01 -1.16424e+00 1.58188e-01 -8.86187e-01 1.41200e-01 6.80958e-01 9.80000e-02
8.62000e+00 5.48938e-01 6.87076e-02 2.55330e-01 1.12916e-01 -1.88287e-01 1.58179e-01 7.91842e-01 1.03697e-01 -1.18549e+00 1.56967e-01 -8.60837e-01 1.41200e-01 6.31112e-01 9.80000e-02
8.64000e+00 5.53772e-01 6.70394e-02 2.27611e-01 1.14189e-01 -2.15288e-01 1.55904e-01 7.79670e-01 1.04492e-01 -1.20686e+00 1.55754e-01 -8.35600e-01 1.41200e-01 5.80671e-01 9.80000e-02
8.66000e+00 5.57378e-01 6.55084e-02 1.99113e-01 1.15466e-01 -2.42542e-01 1.53621e-01 7.66817e-01 1.05299e-01 -1.22835e+00 1.54550e-01 -8.10505e-01 1.41200e-01 5.29639e-01 9.80000e-02
8.68000e+00 5.59672e-01 6.41203e-02 1.69833e-01 1.16744e-01 -2.70051e-01 1.51331e-01 7.53256e-01 1.06116e-01 -1.24995e+00 1.53353e-01 -7.85584e-01 1.41200e-01 4.78024e-01 9.80000e-02
8.70000e+00 5.60568e-01 6.28812e-02 1.39771e-01 1.18023e-01 -2.97813e-01 1.49033e-01 7.38956e-01 1.06943e-01 -1.27168e+00 1.52164e-01 -7.60872e-01 1.41200e-01 4.25832e-01 9.80000e-02
8.72000e+00 5.59978e-01 6.17969e-02 1.08925e-01 1.19299e-01 -3.25828e-01 1.46727e-01 7.23890e-01 1.07779e-01 -1.29352e+00 1.50983e-01 -7.36402e-01 1.41200e-01 3.73070e-01 9.80000e-02
8.74000e+00 5.57811e-01 6.08733e-02 7.72938e-02 1.20572e-01 -3.54098e-01 1.44414e-01 7.08026e-01 1.08620e-01 -1.31547e+00 1.49811e-01 -7.12210e-01 1.41200e-01 3.19744e-01 9.80000e-02
8.76000e+00 5.53974e-01 6.01163e-02 4.48757e-02 1.21840e-01 -3.82621e-01 1.42094e-01 6.91333e-01 1.09467e-01 -1.33755e+00 1.48647e-01 -6.88333e-01 1.41200e-01 2.65861e-01 9.80000e-02
8.78000e+00 5.48369e-01 5.95318e-02 1.16694e-02 1.23100e-01 -4.11398e-01 1.39766e-01 6.73779e-01 1.10317e-01 -1.35974e+00 1.47490e-01 -6.64811e-01 1.41200e-01 2.11426e-01 9.80000e-02
8.80000e+00 5.40900e-01 5.91257e-02 -2.23264e-02 1.24351e-01 -4.40429e-01 1.37431e-01 6.55330e-01 1.11170e-01 -1.38205e+00 1.46342e-01 -6.41681e-01 1.41200e-01 1.56448e-01 9.80000e-02
8.82000e+00 5.31464e-01 5.89038e-02 -5.71134e-02 1.25592e-01 -4.69714e-01 1.35088e-01 6.35951e-01 1.12023e-01 -1.40448e+00 1.45202e-01 -6.18987e-01 1.41200e-01 1.00931e-01 9.80000e-02
8.84000e+00 5.19959e-01 5.88721e-02 -9.26927e-02 1.26820e-01 -4.99252e-01 1.32738e-01 6.15608e-01 1.12876e-01 -1.42702e+00 1.44070e-01 -5.96769e-01 1.41200e-01 4.48821e-02 9.80000e-02
8.86000e+00 5.06277e-01 5.90364e-02 -1.29066e-01 1.28034e-01 -5.29044e-01 1.30380e-01 5.94264e-01 1.13727e-01 -1.44969e+00 1.42946e-01 -5.75071e-01 1.41200e-01 -1.16915e-02 9.80000e-02
8.88000e+00 4.90311e-01 5.94026e-02 -1.66235e-01 1.29232e-01 -5.59090e-01 1.28015e-01 5.71881e-01 1.14574e-01 -1.47247e+00 1.41830e-01 -5.53938e-01 1.41200e-01 -6.87838e-02 9.80000e-02
8.90000e+00 4.71950e-01 5.99767e-02 -2.04200e-01 1.30412e-01 -5.89390e-01 1.25642e-01 5.48423e-01 1.15416e-01 -1.49536e+00 1.40722e-01 -5.33416e-01 1.41200e-01 -1.26388e-01 9.80000e-02
8.92000e+00 4.51079e-01 6.07645e-02 -2.42963e-01 1.31573e-01 -6.19943e-01 1.23262e-01 5.23848e-01 1.16252e-01 -1.51838e+00 1.39623e-01 -5.13552e-01 1.41200e-01 -1.84498e-01 9.80000e-02
8.94000e+00 4.27582e-01 6.17719e-02 -2.82527e-01 1.32712e-01 -6.50750e-01 1.20875e-01 4.98117e-01 1.17080e-01 -1.54151e+00 1.38531e-01 -4.94396e-01 1.41200e-01 -2.43108e-01 9.80000e-02
8.96000e+00 4.01342e-01 6.30048e-02 -3.22891e-01 1.33828e-01 -6.81811e-01 1.18479e-01 4.71189e-01 1.17899e-01 -1.56476e+00 1.37448e-01 -4.75997e-01 1.41200e-01 -3.02210e-01 9.80000e-02
8.98000e+00 3.72236e-01 6.44691e-02 -3.64057e-01 1.34919e-01 -7.13126e-01 1.16077e-01 4.43022e-01 1.18707e-01 -1.58813e+00 1.36373e-01 -4.58405e-01 1.41200e-01 -3.61799e-01 9.80000e-02
9.00000e+00 3.40142e-01 6.61707e-02 -4.06028e-01 1.35984e-01 -7.44694e-01 1.13667e-01 4.13573e-01 1.19503e-01 -1.61162e+00 1.35305e-01 -4.41675e-01 1.41200e-01 -4.21867e-01 9.80000e-02
9.02000e+00 3.04932e-01 6.81155e-02 -4.48803e-01 1.37020e-01 -7.76516e-01 1.11249e-01 3.82797e-01 1.20286e-01 -1.63522e+00 1.34246e-01 -4.25858e-01 1.41200e-01 -4.82409e-01 9.80000e-02
9.04000e+00 2.66478e-01 7.03093e-02 -4.92386e-01 1.38026e-01 -8.08592e-01 1.08824e-01 3.50650e-01 1.21053e-01 -1.65894e+00 1.33195e-01 -4.11011e-01 1.41200e-01 -5.43417e-01 9.80000e-02
9.06000e+00 2.24650e-01 7.27581e-02 -5.36776e-01 1.39000e-01 -8.40922e-01 1.06392e-01 3.17085e-01 1.21804e-01 -1.68278e+00 1.32152e-01 -3.97190e-01 1.41200e-01 -6.04886e-01 9.80000e-02
9.08000e+00 1.79312e-01 7.54677e-02 -5.81977e-01 1.39940e-01 -8.73505e-01 1.03952e-01 2.82056e-01 1.22537e-01 -1.70674e+00 1.31117e-01 -3.84452e-01 1.41200e-01 -6.66809e-01 9.80000e-02
9.10000e+00 1.30329e-01 7.84440e-02 -6.27988e-01 1.40844e-01 -9.06342e-01 1.01504e-01 2.45514e-01 1.23250e-01 -1.73081e+00 1.30090e-01 -3.72856e-01 1.41200e-01 -7.29180e-01 9.80000e-02
9.12000e+00 7.75627e-02 8.16930e-02 -6.74811e-01 1.41712e-01 -9.39433e-01 9.90494e-02 2.07411e-01 1.23943e-01 -1.75500e+00 1.29072e-01 -3.62462e-01 1.41200e-01 -7.91992e-01 9.80000e-02
9.14000e+00 2.08709e-02 8.52205e-02 -7.22449e-01 1.42540e-01 -9.72778e-01 9.65870e-02 1.67696e-01 1.24614e-01 -1.77931e+00 1.28061e-01 -3.53332e-01 1.41200e-01 -8.55238e-01 9.80000e-02
9.16000e+00 -3.98899e-02 8.90325e-02 -7.70902e-01 1.43328e-01 -1.00638e+00 9.41171e-02 1.26320e-01 1.25261e-01 -1.80374e+00 1.27059e-01 -3.45528e-01 1.41200e-01 -9.18912e-01 9.80000e-02
9.18000e+00 -1.04866e-01 9.31347e-02 -8.20171e-01 1.44072e-01 -1.04023e+00 9.16397e-02 8.32294e-02 1.25883e-01 -1.82828e+00 1.26064e-01 -3.39115e-01 1.41200e-01 -9.83008e-01 9.80000e-02
9.20000e+00 -1.74206e-01 9.75331e-02 -8.70259e-01 1.44773e-01 -1.07433e+00 8.91549e-02 3.83722e-02 1.26478e-01 -1.85295e+00 1.25078e-01 -3.34157e-01 1.41200e-01 -1.04752e+00 9.80000e-02
9.22000e+00 -2.48062e-01 1.02234e-01 -9.21166e-01 1.45427e-01 -1.10869e+00 8.66626e-02 -8.30557e-03 1.27046e-01 -1.87773e+00 1.24100e-01 -3.30722e-01 1.41200e-01 -1.11244e+00 9.80000e-02
9.24000e+00 -3.26587e-01 1.07242e-01 -9.72894e-01 1.46033e-01 -1.14331e+00 8.41628e-02 -5.68586e-02 1.27584e-01 -1.90262e+00 1.23130e-01 -3.28876e-01 1.41200e-01 -1.17776e+00 9.80000e-02
9.26000e+00 -4.09938e-01 1.12564e-01 -1.02544e+00 1.46590e-01 -1.17818e+00 8.16556e-02 -1.07343e-01 1.28091e-01 -1.92764e+00 1.22168e-01 -3.28689e-01 1.41200e-01 -1.24348e+00 9.80000e-02
9.28000e+00 -4.98274e-01 1.18206e-01 -1.07882e+00 1.47095e-01 -1.21330e+00 7.91408e-02 -1.59814e-01 1.28566e-01 -1.95277e+00 1.21214e-01 -3.30232e-01 1.41200e-01 -1.30959e+00 9.80000e-02
9.30000e+00 -5.91756e-01 1.24174e-01 -1.13302e+00 1.47547e-01 -1.24867e+00 7.66186e-02 -2.14331e-01 1.29007e-01 -1.97802e+00 1.20268e-01 -3.33576e-01 1.41200e-01 -1.37608e+00 9.80000e-02
9.32000e+00 -6.90548e-01 1.30473e-01 -1.18804e+00 1.47944e-01 -1.28430e+00 7.40889e-02 -2.70952e-01 1.29413e-01 -2.00339e+00 1.19330e-01 -3.38794e-01 1.41200e-01 -1.44294e+00 9.80000e-02
9.34000e+00 -7.94816e-01 1.37110e-01 -1.24390e+00 1.48284e-01 -1.32018e+00 7.15518e-02 -3.29736e-01 1.29782e-01 -2.02887e+00 1.18401e-01 -3.45960e-01 1.41200e-01 -1.51018e+00 9.80000e-02
9.36000e+00 -9.04729e-01 1.44090e-01 -1.30058e+00 1.48566e-01 -1.35632e+00 6.90071e-02 -3.90745e-01 1.30114e-01 -2.05448e+00 1.17479e-01 -3.55149e-01 1.41200e-01 -1.57778e+00 9.80000e-02
9.38000e+00 -1.02046e+00 1.51419e-01 -1.35810e+00 1.48787e-01 -1.39271e+00 6.64550e-02 -4.54039e-01 1.30406e-01 -2.08020e+00 1.16566e-01 -3.66440e-01 1.41200e-01 -1.64574e+00 9.80000e-02
9.40000e+00 -1.14218e+00 1.59104e-01 -1.41644e+00 1.48946e-01 -1.42935e+00 6.38954e-02 -5.19681e-01 1.30657e-01 -2.10603e+00 1.15660e-01 -3.79908e-01 1.41200e-01 -1.71405e+00 9.80000e-02
9.42000e+00 -1.27007e+00 1.67149e-01 -1.47563e+00 1.49042e-01 -1.46625e+00 6.13283e-02 -5.87735e-01 1.30866e-01 -2.13199e+00 1.14763e-01 -3.95634e-01 1.41200e-01 -1.78270e+00 9.80000e-02
9.44000e+00 -1.40431e+00 1.75561e-01 -1.53564e+00 1.49071e-01 -1.50340e+00 5.87538e-02 -6.58264e-01 1.31030e-01 -2.15806e+00 1.13874e-01 -4.13699e-01 1.41200e-01 -1.85169e+00 9.80000e-02
9.46000e+00 -1.54507e+00 1.84346e-01 -1.59650e+00 1.49034e-01 -1.54080e+00 5.61718e-02 -7.31335e-01 1.31150e-01 -2.18425e+00 1.12993e-01 -4.34184e-01 1.41200e-01 -1.92101e+00 9.80000e-02
9.48000e+00 -1.69254e+00 1.93510e-01 -1.65819e+00 1.48927e-01 -1.57846e+00 5.35823e-02 -8.07014e-01 1.31223e-01 -2.21056e+00 1.12120e-01 -4.57173e-01 1.41200e-01 -1.99065e+00 9.80000e-02
9.50000e+00 -1.84692e+00 2.03058e-01 -1.72072e+00 1.48749e-01 -1.61638e+00 5.09853e-02 -8.85367e-01 1.31248e-01 -2.23699e+00 1.11255e-01 -4.82749e-01 1.41200e-01 -2.06061e+00 9.80000e-02
9.52000e+00 -2.00838e+00 2.12997e-01 -1.78409e+00 1.48498e-01 -1.65454e+00 4.83808e-02 -9.66464e-01 1.31223e-01 -2.26353e+00 1.10398e-01 -5.10999e-01 1.41200e-01 -2.13089e+00 9.80000e-02
9.54000e+00 -2.17712e+00 2.23332e-01 -1.84830e+00 1.48173e-01 -1.69296e+00 4.57689e-02 -1.05037e+00 1.31148e-01 -2.29019e+00 1.09549e-01 -5.42009e-01 1.41200e-01 -2.20147e+00 9.80000e-02
9.56000e+00 -2.35333e+00 2.34069e-01 -1.91336e+00 1.47771e-01 -1.73164e+00 4.31495e-02 -1.13717e+00 1.31020e-01 -2.31697e+00 1.08709e-01 -5.75868e-01 1.41200e-01 -2.27235e+00 9.80000e-02
9.58000e+00 -2.53722e+00 2.45214e-01 -1.97926e+00 1.47292e-01 -1.77056e+00 4.05226e-02 -1.22691e+00 1.30838e-01 -2.34387e+00 1.07876e-01 -6.12666e-01 1.41200e-01 -2.34352e+00 9.80000e-02
